1.992506518178925035e+01
5.838107667772555942e+01
3.545024984107271848e+01
2.284386948924512240e+01
2.770924543114983862e+01
3.867310556871689187e+01
2.619817829302519385e+01
5.303760586229691398e+01
2.619723224658313399e+01
4.679528653847592068e+01
5.745034012554970104e+01
3.247137917255371065e+01
3.726089562426204793e+01
2.684356827969600090e+01
3.466576805801378214e+01
5.826505621959222481e+01
2.790723310525027046e+01
4.373211575871937384e+01
3.475228915421757847e+01
3.285442695031152738e+01
3.703123289846189437e+01
1.801009899483506160e+01
3.885066820433894463e+01
2.940665535596053815e+01
4.418634130656573689e+01
2.431319720187418909e+01
3.319147349512786604e+01
3.954156191731090075e+01
2.324641483293794408e+01
3.669619968474762572e+01
3.936248443101067096e+01
5.534116332759964507e+01
3.327180029688497598e+01
2.207785962569118965e+01
2.248732600847580443e+01
4.054992878637960985e+00
2.476948854196962202e+01
2.240279405910246169e+01
2.325020520284439840e+01
1.251502493784934344e+01
4.621253765350638787e+01
2.713976386731373935e+01
3.298917910494969874e+01
3.477792120427329792e+01
2.695819250117055077e+01
3.041027935687998252e+01
3.494279002006769019e+01
2.584484927587061520e+01
2.166694057552068742e+01
5.024119092637010908e+01
2.673485675900155911e+01
2.465258737879939588e+01
2.976614470489221276e+01
3.808922543018707074e+01
6.014497313275933266e+01
5.150716060618196934e+01
3.648407577255420620e+01
3.576846065862685009e+01
3.194497713065356947e+01
3.336075562906501091e+01
2.960644027575108339e+01
2.099262684809155033e+01
4.655602633219677955e+01
3.965683765768227431e+01
3.328894689379683314e+01
3.645769980902844054e+01
2.709143391794623312e+01
3.430373296503148595e+01
4.669811512563819633e+01
3.841955892970872810e+01
2.679948409201733739e+01
3.231672006984990730e+01
2.233898890440531204e+01
2.551738876452282057e+01
3.039690256476706054e+01
9.683620583195079234e+00
2.424029086007615774e+01
2.808076246984455793e+01
3.447607662731714129e+01
5.339456101746327477e+01
2.582434348382776079e+01
2.238010297862055609e+01
4.309791015278460691e+01
3.051882065491224694e+01
4.071896994038888806e+01
3.043670494886406885e+01
3.703114490562984429e+01
1.940842616260488285e+01
2.573474706442721072e+01
2.974493916425694806e+01
4.467695469781756401e+01
3.157904918827352958e+01
5.412315146577566338e+01
2.899048865379376139e+01
2.901467350944091095e+01
2.439310325710039251e+01
4.956102570308394206e+01
5.232815416988705692e+01
2.777347233026273443e+01
1.562606443253474708e+01
3.093310876035653223e+01
4.139629749651794555e+01
4.098843297584426182e+01
3.085492097319411187e+01
2.638322833968276626e+01
4.268030593274488638e+01
3.244025812497056904e+01
2.988323271434455819e+01
3.086258667067522765e+01
2.414964541834206102e+01
3.172792104085101528e+01
4.278866201546406955e+01
6.525856931578325693e+00
2.294629073645536010e+01
2.638620055465435144e+01
2.489397037165144866e+01
3.304894695844996022e+01
2.849510112074131030e+01
2.883376372010388877e+01
5.288997043734707404e+01
4.278921243600416346e+01
3.649822146425685787e+01
2.880474603756056240e+01
3.078561001600934333e+01
2.331919116191516395e+01
4.748180438247618440e+01
3.511789653484511575e+01
3.479239295567208501e+01
3.561259380399133079e+01
2.604620365224575806e+01
3.151985108100961952e+01
3.677722633172243150e+01
5.834217892632705116e+01
6.344093707645515678e+01
3.294650425243764857e+01
2.489722660570748758e+01
3.352508090697074294e+01
2.574350212852641562e+01
2.308357963622529496e+01
3.016265380318691314e+01
3.048145198985002935e+01
4.470356130967923391e+00
2.390633242089418076e+01
2.744015178008339717e+01
3.113041670759412227e+01
2.074956805995010001e+01
4.258148949429596541e+01
4.222462609576996329e+01
4.696501183925192890e+01
5.281333839680132769e+01
2.223233609051548143e+01
3.021697233457962284e+01
3.269355355408515607e+01
2.787820325110806152e+01
4.453794668363639175e+01
2.696298637994971159e+01
6.219029572156432550e+01
2.459863086244750008e+01
3.590359811321013694e+01
6.027534564082816360e+01
2.874690785322309239e+01
4.227073551816647523e+01
5.510320976171851726e+01
4.417173820748575963e+01
2.146707917822243417e+01
5.846098684318894811e+01
5.617232736871665111e+01
3.865962296796351438e+01
3.155940440012273029e+01
5.861305650358553976e+01
4.970058609656553017e+01
2.587560548131691007e+01
2.990129942026396748e+01
2.491951275703286228e+01
9.816061476165462096e+00
2.100216444734087418e+01
3.792816357034826069e+01
2.302752726404224859e+01
2.100906546612748826e+01
1.335773521839109890e+01
3.038333135721040890e+01
4.177416870345359712e+01
3.674682819056943117e+01
2.761211515641239345e+01
3.235296448411043002e+01
4.324407763921132641e+01
3.149251396905310685e+01
4.104148225363921654e+00
2.731367150208052408e+01
5.141269408776254579e+01
2.775709795470538666e+01
1.847239324713741482e+01
4.918175547297755656e+01
6.364826085126696853e+01
5.131576252471859334e+01
5.622183768855757080e+01
2.475953964833496457e+01
5.240618600717225206e+01
2.490305281860040054e+01
2.909168890349519643e+01
2.208386912190412943e+01
2.883171305925156958e+01
4.318359034165041521e+01
3.603896256767620798e+01
2.267435477979597636e+01
1.512212216590050673e+01
2.738682148700331709e+01
2.566605692209395784e+01
3.149929924916432356e+01
3.045920043552137457e+01
3.319592043320881203e+01
3.101651990006212145e+01
3.090583408918837449e+01
2.740486283351089014e+01
2.889857555121216137e+01
3.794374166055604292e+01
2.881717586549450516e+01
5.194804014609962906e+01
2.665883436596908496e+01
2.475251602395900363e+01
2.290901428834399667e+01
3.613223306321663131e+01
2.599080937004697489e+01
3.329781560264165563e+01
2.886371127597703889e+01
4.487558816451473831e+01
2.934604519953154522e+01
4.855949355813208967e+01
5.555174224718757614e+01
5.203076077700825408e+01
3.116300622847165869e+01
2.765662778928708576e+01
2.386948177558952011e+01
2.530591692984970109e+01
2.205171933872543377e+01
3.126027500385043822e+01
3.703640546828319202e+01
2.445785053346813243e+01
2.674914452073085513e+01
3.582574316688305771e+01
3.285397203283789480e+01
2.236647527067501073e+01
3.333117941785849325e+01
2.849660773181242490e+01
2.509189624526470652e+01
3.750170257781883265e+01
3.817849108365346922e+01
4.355736998264183057e+01
2.885218663747566836e+01
4.932748819717380684e+01
4.619473532646952663e+01
2.259059915121429185e+01
2.706846451494853412e+01
1.763750902606625459e+01
4.316865597173455171e+01
2.667903885600071590e+01
3.583497961722468972e+01
3.254212412227934692e+01
3.601872549454674299e+01
5.063138076772918339e+01
1.910949060389584631e+01
3.606418423663262729e+01
4.952496648230135179e+01
4.255061694451433141e+01
2.602741121485001941e+01
3.334049319014479806e+01
2.441128503840531039e+01
4.845255553877586863e+01
2.022533426459995098e+01
5.543425698391365586e+01
2.984194724039116409e+01
2.680746036466553051e+01
4.718648746334915955e+01
2.095480450613697698e+01
4.521671485231845367e+01
6.938264682815435513e+00
2.620364535305699860e+01
2.966926374137301536e+01
5.779829914925539924e+01
3.347602506616840401e+01
2.635274334118491879e+01
5.092454710649326444e+01
2.712505301416035763e+01
1.973607344802071228e+00
5.542275709848036058e+01
2.105435523183184898e+01
1.007897651244820736e+01
2.209690084556768852e+01
6.579672025391005263e+01
3.230985937584207335e+01
3.054462177218647412e+01
1.761170588539243909e+01
4.101358481863371708e+01
3.402116730000125244e+01
4.084576247463701293e+01
3.268876428870015616e+01
2.950645854570757365e+01
3.032566238409658155e+01
2.911880852625377258e+01
2.236536146872391839e+01
2.548705988566391056e+01
2.507901790928664809e+01
4.535981152014210238e+01
3.759617902304387371e+01
2.845633143879399540e+01
4.749657454418775160e+01
2.714555070327492103e+01
2.728987447651161347e+01
3.385582241220754440e+01
2.635296214374618984e+01
2.592180524689479171e+01
2.476247931920323708e+01
5.343091802186427230e+01
4.734441314095147391e+01
2.851986740859067382e+01
2.893876137508639701e+01
2.844955466426068824e+01
2.561111254211118649e+01
6.142466487658066399e+01
6.067456139763817191e+01
2.357429206910359198e+01
2.430418512907294826e+01
3.637304400567566098e+00
2.879696043569128960e+01
3.659899056986614596e+01
2.652376517455359917e+01
5.620000200937647605e+01
6.221327162826491985e+01
4.567011170360638062e+01
3.092144666861383939e+01
4.292776749927543278e+01
5.730719132376836455e+01
4.209559275988613081e+01
2.818196107429526620e+01
3.018973796443788160e+01
1.004338899029512255e+01
5.291024034888732785e+01
3.371658969804411754e+01
3.506571448301747296e+01
6.020114757838018704e+01
2.967742116369299765e+01
2.907340185953648870e+01
2.557680007443923387e+01
2.956718253197550439e+01
2.735801476222263773e+01
3.916167996364310966e+01
2.675055090035209560e+01
6.359270971615114831e+01
3.085851933114365053e+01
2.778605104317284713e+01
3.312523144871920522e+01
2.592398053100180277e+01
2.552810774476650835e+01
4.540642542319255881e+01
2.714078992966059900e+01
2.284412353477108582e+01
4.072527617000014288e+01
2.996996587749389818e+00
3.848746946075698361e+01
3.768125521301931258e+01
2.010102223754312689e+01
2.386762656411787020e+01
3.127315358042324078e+01
3.205011786821705755e+01
2.848601178287663060e+01
3.660151442163532920e+01
3.664938418302335776e+01
3.015305375735260895e+01
2.713195745378533275e+01
5.475575943518197164e+01
2.757794520025390028e+01
3.213450589040894556e+01
2.396039649246804970e+01
2.837710898254444558e+01
5.850160509248780727e+00
4.297277614839913440e+01
3.049898549506906420e+01
3.379666777981299930e+01
2.353129577100830261e+01
2.652938347735107527e+01
2.699028073661455096e+01
2.754705163024755166e+01
1.789866846394852473e+01
2.339149684703613730e+01
4.500745853024818643e+01
6.376883364434661416e+01
5.232079402295562431e+01
1.581860842693208724e+01
4.420609387401185586e+01
2.257081375077061125e+01
4.096741487718827557e+01
3.689900364581262693e+01
2.435317749770209161e+01
2.095581896214843454e+01
4.600895370668695250e+01
2.619012862649975659e+01
1.707712520064660566e+01
2.063714238437933091e+01
2.537208413730863299e+01
2.663778479790374121e+01
2.960682042588632612e+01
4.042103154632241058e+01
3.727147880634964849e+01
3.591280379501404241e+01
2.120814274772851604e+01
3.220152349742238584e+01
2.530152674440839888e+01
5.439759169169110464e+01
2.876910095780229071e+01
2.353785239406215624e+01
5.303910979488773592e+01
5.709816873534691695e+01
4.017059803463962453e+01
2.784950286290586519e+01
2.343553030211451471e+01
3.299822225164098199e+01
3.781330176646224572e+01
2.707378148057961198e+01
2.519806241821015647e+01
3.124093940430554994e+01
2.937136483043013868e+01
2.227446236905451471e+01
2.711655281965431641e+01
4.896012675899510214e+01
3.607694642452952394e+01
3.324904438584621857e+01
2.386621770249985275e+01
2.598952147054524175e+01
2.154353201681909979e+01
2.795171917758216296e+01
2.849342381923278111e+01
4.835767839810796431e+01
4.693428657958921235e+01
2.599154552649270045e+01
6.130283707645503455e+01
6.920898967563218207e+00
4.485867338424577611e+01
5.685428289682113245e+01
2.431489932610406868e+01
2.807023151826160756e+01
2.557169811281074345e+01
2.636463283311292116e+01
2.109985230189158756e+01
3.357317300025724194e+01
5.939718266713680350e+01
3.365864502097747391e+01
3.159743337666327534e+01
1.083326634944125999e+01
3.261082873045275221e+01
3.874116755512244481e+01
3.289066492154560706e+01
1.546766288929211441e+01
2.208583680389961046e+01
6.419257444680806657e+01
2.650275671230721741e+01
2.148932001413788484e+01
2.418006741860993358e+01
3.015659977357972821e+01
2.617625650643481094e+01
3.345349747636586812e+01
4.554703553696708695e+01
2.819205260503076715e+01
4.070901748538108222e+01
6.495169024071219610e+01
4.368463025253745968e+01
3.979509322746889666e+01
1.679765034160023518e+01
2.745193507832225777e+01
5.009095007808344491e+01
6.582143032584281173e+01
5.742180832719168393e+01
4.443711273347025781e+01
3.355718678917128273e+01
1.948739012341638954e+01
4.680079799360828474e+01
5.374540739597796346e+01
2.143817882698251509e+01
1.006253569982169438e+01
2.365784168529998510e+01
2.993501990506774746e+01
2.174328634013916428e+01
3.326539395320469339e+01
3.824549875450878744e+01
2.456503293596784943e+01
4.558707141899503767e+01
4.813322404964128509e+01
2.468008139626601860e+01
2.420452630091403989e+01
9.333145326348329718e+00
3.381756892572866491e+01
6.298619759722214440e+00
2.541228639909195408e+01
3.674185329642881470e+01
3.201330310724006267e+01
1.422902104328204587e+01
4.286301637682481669e+01
2.940077585803788907e+01
3.434696404307841533e+01
2.497642861453446983e+01
3.183107122075307416e+01
3.248851960823230911e+01
2.974879474710360228e+01
3.604510280754038831e+01
5.994870451842439252e+01
4.182198937845532782e+01
5.623858714511152357e+01
2.504418830647773575e+01
2.940226434133342082e+01
3.263517772214254364e+01
3.536234986452291196e+01
3.095777091238738876e+01
2.607913303184432152e+01
2.521983086828640808e+01
2.683321230709657357e+01
2.372974111724397517e+01
3.185438996828852964e+01
2.646544467482084428e+01
3.356146640345104970e+01
3.089794228458731595e+01
2.441379947578184328e+01
3.532097023956828252e+01
2.880225642686812648e+01
4.167012408026494086e+01
5.397007699082440269e+01
4.527456789192802944e+01
3.511454895258793840e+01
5.803835360990090919e+01
2.699004631046045688e+01
2.593007390320377681e+01
3.184356810089411738e+01
5.343544084401946748e+01
2.304419423620288399e+01
4.346049449613701654e+01
2.758919604315315155e+01
3.562743313404644141e+01
4.190666118826629827e+01
2.855136061629309552e+01
2.133750084297548355e+01
2.782644734093906891e+01
2.443173200365890807e+01
4.405136548258087714e+01
3.751511632823002174e+01
5.144838236746909388e+01
2.344895282226366362e+01
4.861686564467981952e+01
2.642319536411287118e+01
2.248054357962655558e+01
3.500222096668721861e+01
5.694908979340141286e+01
2.974772394583123969e+01
2.302055402391128425e+01
1.489472328455303796e+01
6.369985380336220260e+01
6.405594675127213122e+01
3.503043536593759200e+01
2.554754012075864011e+01
2.414166519741047523e+01
2.350497643573731921e+01
5.394880101275930429e+00
2.637375368257623620e+01
4.000305653470786638e+01
2.078425842307774474e+01
2.956668402833747678e+01
5.870991430743538331e+01
3.076645001642827992e+01
5.795990457678362873e+01
3.324010191624256549e+01
1.545764031714495701e+01
2.331763791140468811e+01
3.165206742561713327e+01
3.492218989000502916e+01
6.048873506336667560e+01
1.925925703728757554e+01
1.763347676986450097e+01
2.809593406762610357e+01
2.281011451084395958e+01
3.403630233931471594e+01
3.218111702590573486e+01
2.407732675465877037e+01
1.994248747755060691e+01
2.032780973876532471e+01
5.411473725160760750e+01
2.683147500225847537e+01
6.702850333778042113e+01
3.738480596200679429e+01
2.751313246299378079e+01
2.965517741567964549e+01
3.437958562517974315e+01
1.946509764101602258e+01
2.997940080596163170e+01
2.419006156063687740e+01
2.262963746408286170e+01
3.788971322025372501e+01
2.154184922944270397e+01
2.782663158165233597e+01
1.570827612551511265e+01
2.647379933285355946e+01
2.519290310818013978e+01
5.336465442418011662e+01
6.147909561570486403e+01
3.276186548282055355e+01
2.809939073566283696e+01
2.928210203503090270e+01
2.119186242543577237e+01
3.719179611656454654e+01
3.777947178984322818e+01
4.077859124037058791e+01
2.450855668619496086e+01
5.834866565787046966e+01
2.860145839247434196e+01
2.624982682544070656e+01
3.768486382065748330e+01
5.212395620381357730e+01
5.586603933649894316e+01
3.984864614921389148e+01
3.866439696247107349e+01
2.261960070814377843e+01
2.667998291202589911e+01
2.726912345438540797e+01
2.111646655332071276e+01
2.644605101918932633e+01
9.034338806118071830e+00
2.373709904301483675e+01
3.362096758324787515e+01
2.210790268951382131e+01
3.046813645456326825e+01
3.143815314998209942e+01
5.122781517120893113e+01
3.674940203443475184e+01
2.981095460971573630e+01
4.816845430832597685e+01
2.141383429022243945e+01
2.512277358076937617e+01
7.106573727616932956e+00
3.535660647255008371e+01
6.126845456971204840e+01
2.756979614789997868e+01
2.705381846512593214e+01
5.145498027766265636e+01
3.441027625190326944e+01
2.649290622889839142e+01
5.313642920026904903e+01
7.483165301625641419e+00
2.711884957687652786e+01
3.045622665649716510e+01
2.022622659186527017e+01
3.371907598657071503e+01
3.279252883540902985e+01
2.547997665393177158e+01
2.145471620119360434e+00
2.425570802772290335e+01
2.621776223549809970e+01
3.410200574703310838e+00
3.423283991481457633e+01
3.094843178077735502e+01
2.980088949488845174e+01
5.007953027042094618e+01
2.247599373173726534e+01
2.318902937211589688e+01
6.047883844876832882e+01
5.079267819663800765e+01
3.506637819957541069e+01
3.261862663454076028e+01
2.626858066371460154e+01
3.137425157076359028e+01
5.174350039182172623e+01
4.364928279819696399e+01
2.595551863657651381e+01
4.428209395889462030e+01
3.643971576077092323e+01
3.004692893042272317e+01
2.606252160041071875e+01
2.819720816884887427e+01
7.312374174774618041e+00
5.319365964632015675e+01
3.618434739920485299e+01
4.191987885981507134e+01
2.207537419060463435e+01
4.356869642304081935e+01
2.869079562107487646e+01
3.023929588957298620e+01
2.683454454938186728e+01
2.443790889332893812e+01
2.179837458387573434e+01
2.886727894556921115e+01
2.590228243665262653e+01
2.467883849926826656e+01
2.435577672739964328e+01
5.590353397817489167e+01
3.354102151123748854e+01
1.557380925429212803e+00
1.989861827459301935e+01
9.793993203545142023e+00
2.542330996870158444e+01
2.997526378830207250e+01
2.223864936716274698e+01
2.792426007243193453e+01
2.231040791656949551e+01
2.685110351271160312e+01
4.456277004183357349e+01
3.626630914586439758e+01
3.090461914387140041e+01
2.300214971313380374e+01
2.278010788505185502e+01
2.770540753381646937e+01
3.853868553135544062e+01
3.041088620210803128e+01
3.185186017808155157e+01
2.672480350879536104e+01
3.055028222839617058e+00
2.948876931839572535e+01
3.729784373559959931e+01
5.248829129401565297e+01
3.872235366142012936e+01
3.398014361415118856e+01
3.440058107091158490e+01
2.808690260270024908e+01
4.738653430255362764e+01
3.827050240355310962e+01
5.209931927337311208e+01
3.670238402204995509e+01
5.430419056497439101e+01
5.898793610251766495e+01
5.031836995189036088e+01
2.102613758160548940e+01
4.078833850898081437e+01
2.697128915735447663e+01
1.542448564701771829e+01
4.783182949753245339e+01
3.095562542457537347e+01
2.564202757791917975e+01
2.838364858429292070e+01
1.026786803113941460e+01
4.309297985700686695e+01
2.667144901444992655e+01
2.831752000407050218e+01
4.675710401639980773e+01
3.626370634831846473e+01
5.967481844686471959e+01
4.888097686584660551e+01
2.160402818846341688e+01
3.187301385828050115e+01
5.420641120913243682e+00
4.499866491696593584e+01
3.049293408868447841e+01
2.109736936075569247e+01
2.377213256832283150e+01
3.303178827478450330e+01
3.036876986492021047e+01
4.725175742732108120e+01
2.378154775205712212e+01
3.138620819749598922e+01
4.740421764198003984e+01
3.365523961755025084e+01
4.084305034493695530e+01
2.275936969839813173e+01
2.419992132810000385e+01
3.218648908691830002e+01
2.369424738163934308e+01
4.783678660994064558e+01
2.521870684719679012e+00
1.912303407585699233e+01
2.732153205895883730e+01
2.137663313278214616e+01
2.885139952684403397e+01
4.200909145569858083e+01
3.234002941300423117e+01
4.075690081550055766e+01
4.286712472854196676e+01
5.032679156894914740e+01
4.424961103879104485e+01
2.389997280444242733e+01
1.816519842940942908e+01
3.031794724537758157e+01
1.161070685053027773e+01
1.670063124417038125e+01
3.134305521167055986e+01
4.849791183657021065e+01
2.117327017408669576e+01
4.808508023348258575e+01
3.191500662006728817e+01
1.573611211347088101e+01
8.879308063823486918e+00
3.344917194039408059e+01
8.834913818998131774e+00
3.612642013215190673e+01
2.246853744812214160e+01
2.799180316456477158e+01
2.505913451727428765e+01
2.768669315066290437e+01
4.097732615006997037e+00
3.667528465137729654e+01
3.360834198033262510e+01
2.871207456348929554e+01
3.479516487158252858e+01
5.660857260301439453e+01
5.692518902963638538e+01
2.697592662450432499e+01
4.206134769271449159e+01
1.370610362707195051e+00
1.462566499144632992e+00
4.500592761217922089e+01
6.216631747321677892e+00
2.316097397789107504e+01
5.611578489469320630e+01
2.883399613929577754e+01
2.555668471861190483e+01
3.047077911791165761e+01
2.741490162608147330e+01
2.063884709741516232e+01
3.351583672747074161e+01
2.398972436736949021e+01
3.243026103253941983e+01
3.176141024949163238e+01
2.659783174726180732e+01
2.345879148674096371e+01
2.746318657771576000e+01
5.075660177799909434e+01
2.920805627809841098e+01
4.735834570684825451e+01
5.121518813120201230e+01
2.603293914600180869e+01
3.962218714742630254e+01
3.618503839947697998e+01
6.276969963402132180e+01
3.023372289655461032e+01
3.396294557666715264e+01
4.351070876176777347e+00
5.729643695313313856e+01
7.935646007405011915e+00
2.218710533912189931e+01
1.971122695077909270e+01
3.140437845641645254e+01
2.861822071240524679e+01
4.760020723838533740e+01
3.158371968110077432e+01
2.787424673877501391e+01
2.974337997716098414e+01
5.403179439081600322e+01
3.702035139459408697e+01
2.385573321369063038e+01
2.186054326926156577e+01
2.575074209540571246e+01
3.181176765710915788e+01
2.382128479885204797e+01
3.682449752657733200e+01
3.868096471905300859e+01
3.482616154680727050e+01
2.260800459686156216e+01
5.432820474961772561e+01
2.645833931597962874e+01
2.834221654653769207e+01
5.071812671831041541e+01
5.066446324163189274e+01
2.919182028965201425e+01
2.386501532029387818e+01
2.998632382075595615e+01
3.189380867985164514e+01
6.725622835411229516e+00
2.763804775348798159e+01
5.185045965662493472e+01
2.909477587563014822e+01
1.506341435970139031e+01
2.725218199865412316e+01
5.146654815741457867e+01
2.857649340589159692e+01
3.563981326108842040e+01
3.976141215253251460e+01
3.358549261456937529e+01
2.241215982651743843e+01
2.526391867282791281e+01
7.872779993750270933e+00
3.415925808838414923e+01
2.701349293976785404e+01
3.354263853524207661e+01
5.035521753880311735e+01
1.304377556459803600e+01
2.736665194172155680e+01
1.403758953209762694e+01
2.513715865347136713e+01
2.715685092356284258e+01
2.591252473594178696e+01
2.503556204169285593e+01
2.684496962217554028e+01
5.476649198346785852e+01
2.143833948085190855e+01
3.272790732845624007e+01
4.297829419298795983e+01
3.286916833003112970e+01
2.513178550762904706e+01
2.858633008182368940e+01
2.545547840726464983e+01
2.620285253955425731e+01
2.372510228258579446e+01
3.281246097839240861e+01
3.517196998334793534e+01
2.619949077829824091e+01
3.711951513518579304e+01
5.179405281333129096e+01
3.239424568145159355e+01
1.067004460782814590e+01
2.806988122724057177e+01
2.552137182267301796e+01
1.021362793582989070e+01
3.645282056573341833e+01
3.210850067391515950e+01
3.913443732912855921e+01
2.261153740199841877e+01
3.120439683864424296e+01
2.466367371255364560e+01
3.288864460344851892e+01
4.254041188575502019e+01
3.224517559471308914e+01
2.497093170909863602e+01
5.698666548648907337e+01
1.950569850680767559e+01
2.565669250344262764e+01
1.280580192388603678e+01
2.552099361380970777e+01
5.188323120607492456e+01
2.654975966424194667e+01
1.517593701484315716e+01
3.333385227898543235e+01
5.018711362977046520e+01
1.739769298869941849e+01
4.038892932414455572e+01
4.552822606233898739e+01
3.225171886501084373e+01
2.447618334893121528e+01
2.910459686812792057e+01
7.510568378822675584e+00
1.630763610788402218e+01
2.554909063720697304e+01
2.339603144449640126e+01
3.796823592853979790e+01
2.417534258445562045e+01
3.574650722940350533e+01
2.797306457265722202e+01
3.123582701801205985e+01
2.175307617056459719e+01
3.437548700102645682e+01
2.322572965691961144e+01
2.789847388171256881e+01
2.964236908033281281e+01
3.062138029176276177e+01
5.361794239789719541e+01
2.724893654750485439e+01
2.498869699060760752e+01
3.161916888325868058e+01
2.353520534038420919e+01
5.500438655701782409e+01
2.601364496580208652e+01
2.582493824971243157e+01
1.469258729021839827e+01
2.826983454488163261e+01
2.749024132837894285e+01
2.988249319402621040e+01
2.547604787872251109e+01
4.613133740529883653e+01
2.957235899900416598e+01
1.596357570876917986e+00
2.940185837539979730e+01
5.803465648249402875e+01
3.755390320586593589e+01
2.909239401402555814e+01
2.711756715650972183e+01
2.492423317021030016e+01
2.935666981625627159e+01
4.665665533292622058e+01
3.021665296205901541e+01
2.756769741363495996e+01
1.194748689259347429e+01
2.769998505369454733e+01
2.603200845907394978e+01
2.114432433495691299e+01
3.444685920960873915e+01
3.201030833599998005e+01
1.626975091836538923e+01
3.354363008785003331e+01
3.746522788253787439e+01
3.584410597316582425e+01
3.942939854321230086e+01
2.939766642214638637e+01
6.038342802675833809e+01
4.035715234587269151e+01
2.378327706069620717e+01
2.301632901078902194e+01
5.073199639456288423e+01
3.086083435464399827e+01
3.807381921777141542e+01
3.156687565789434302e+01
2.550434233720898192e+01
3.203056536055186143e+00
3.226157052513116241e+01
3.694220942358623461e+01
2.521982026850909619e+01
3.266220748274645302e+01
2.391787392267701762e+01
3.882658807406187407e+01
2.232209921760696147e+01
3.599461148073896766e+01
2.654261645521768287e+01
4.296020121899346123e+01
3.514411035046808252e+01
5.303457369814941558e+01
2.354636368285468961e+01
5.415538761882089602e+00
3.424331487873132573e+01
2.221604752057464793e+01
1.109515714370638761e+01
5.613343233336354388e+01
3.325040416292335976e+01
2.703890365920671002e+01
5.025914245708190720e+01
3.582339403861078608e+01
3.631711758092922082e+01
3.116855891510567744e+01
2.690250443106197054e+01
1.853811332544910329e+01
4.187241052532044705e+01
2.643602914914981739e+01
3.622150644145949627e+01
2.841012893218775304e+01
3.234485383247920254e+01
5.294263316320268586e+00
2.492220022339279240e+01
5.946934190596584813e+01
1.583983349144271280e+01
3.096427829096137430e+01
2.801103198891613033e+01
3.499261012168007312e+01
2.829595925619142349e+01
3.303401685232529417e+01
3.141773120192920032e+01
2.590742610787128797e+01
4.495687389523300226e+01
2.387661114801494477e+01
5.774525927693321137e+01
3.490476997102723544e+01
3.141676024644038989e+01
3.310767756249106242e+01
4.050868983695380621e+00
1.110577023253881634e+01
6.511786984396636058e+00
5.278882515459554270e+01
2.581419871308935399e+01
2.767875423784607847e+01
8.288419579816036276e+00
2.335916853494045142e+01
2.504457361740407606e+01
3.360068985546013209e+01
5.066529247745029352e+01
3.143331939640575001e+01
3.148719911645457614e+01
2.938249995457135810e+01
4.067326895870974113e+01
5.174543357719085179e+01
3.254199804888412473e+01
1.001390912026363367e+01
5.172973765176357119e+01
5.210328174969981774e+01
3.369207508030194731e+01
2.624049640184432519e+01
1.538942521712888922e+00
5.428932219308646268e+01
5.837291372101026354e+01
3.568402703837091394e+01
2.038004874058702853e+01
3.118070396824259660e+01
4.507581513973855181e+01
3.722412912568961474e+01
2.662336432181960788e+01
2.622212993582616036e+01
2.524961422811497869e+01
2.386861465805193205e+01
2.862021036027726950e+01
2.472071474002581226e+01
2.010420604265033973e+01
3.623139583382771889e+01
7.577104073227300063e+00
4.049106585251223578e+01
4.510125257635206708e+01
4.268614433573111455e+01
1.175567029242438366e+01
3.582705176048966678e+01
3.598673256299116474e+01
4.865269983251346275e+01
3.041844124295221263e+01
2.994691760798014002e+01
2.603149150905929332e+01
1.567060465614346754e+01
2.966556995072384595e+01
2.500082775353158127e+01
2.891255748085086452e+01
4.347432002708319487e+01
2.227261784742808004e+01
2.956144839134993774e+01
3.010451474010957895e+01
2.303162227211851132e+01
3.515880509037015145e+01
2.903880149452015758e+01
2.267922089425883314e+01
2.474254532701462495e+01
1.090472450203014887e+01
3.220138569499623316e+01
6.542786258367920027e+01
2.460508308119256071e+01
5.506162314153357329e+01
4.141197829344369552e+01
3.667763038421185229e+01
2.647536247254811315e+01
6.331228480344816489e+01
5.002937350013144169e+01
4.443197453856737411e+01
2.173864587586578967e+00
3.108258358116290765e+01
4.547481359694984349e+00
3.153768380740973498e+01
2.948502988593816099e+01
4.841379134260932915e+01
2.476323196039902541e+01
3.851007245050323036e+01
1.977939821927429875e+01
2.150971292448493344e+01
3.074804950846373686e+01
5.055074275533843320e+01
6.383488262759965437e+01
2.538484470729076747e+01
4.437143893046390986e+01
5.574318078887104377e+01
2.925052273959045124e+01
2.826573689680390089e+01
2.701178154058288783e+01
3.978257190670410637e+01
2.865212595620459979e+01
2.829883871631318470e+01
4.991433514634263702e+01
4.807358897802987485e+01
1.969918243424581306e+01
5.198715883502097768e+01
3.274078260046957212e+01
2.621005850560414174e+01
3.100703670235816389e+01
6.961186388251753954e+00
5.349811000608315226e+01
8.094627334934557439e+00
4.336179600975174253e+01
2.596232434677887113e+01
1.680457550601914818e+01
3.022033928879682207e+01
5.364476553581539520e+01
5.261877406778461719e+00
5.807082749781272923e+01
2.559767159844341222e+01
2.947412271917767157e+01
2.957495878193572025e+01
1.829153652349897996e+01
1.866611736334789384e+01
2.831102810115226021e+01
2.878811060992791226e+01
1.225845837393671900e+01
2.016876886548426384e+01
2.018543318153055921e+01
4.638893740371804597e+01
4.323286658340116162e+00
2.618783299296879363e+00
4.826165804691845551e+01
3.897823524258274119e+01
6.242558489320799708e+01
4.836235044208933687e+01
5.402016368898330256e+01
3.208778782269382646e+01
2.788948507685199729e+01
4.544657408614875749e+01
2.830676940502916406e+00
2.549923574418608752e+01
2.839098590574394620e+01
4.757828829410937033e+01
7.017517556018077585e+00
2.426916968894875026e+01
2.408404714749366349e+01
5.022676012989720107e+01
4.520119599600855054e+01
2.101291585749027035e+01
8.371958616737387615e+00
3.060306186107658277e+01
2.307566101489328503e+01
2.500775457452536443e+01
1.123375880678213434e+01
2.340859743848284324e+01
3.726323993559344672e+01
3.849921286420052269e+00
2.249515363783951827e+01
2.128246232822129969e+01
2.276479706537639913e+01
2.754481234077069018e+01
5.002910796527339699e+01
3.438226982917486296e+00
3.015174632603520877e+01
3.670577956276247278e+01
4.703985216728807472e+01
1.716172216445036813e+00
5.928666172623135999e+00
2.379933214392804075e+01
4.157627971999272631e+01
2.070994888649232735e+01
3.305912915208909908e+01
2.622569440098232008e+01
3.216939211438966595e+01
1.988655409190744194e+01
2.836182464897137834e+01
2.705027107744172099e+01
3.176140796295658220e+01
2.815750162347421792e+01
2.336165240634639417e+01
3.300924086113809608e+01
3.502607690019326014e+01
4.114961703409662164e+00
3.530183887945696597e+01
3.135143299542687600e+01
2.715383143513008690e+01
5.715178376995027065e+01
3.986125832943071146e+01
6.361354320312966593e+01
3.303886923657501029e+01
3.330928937198564199e+01
1.040029908303472439e+01
3.093047621230471123e+01
3.392366206377599269e+01
2.646256487677062452e+01
2.280121611070853760e+01
2.269313163362232899e+01
2.560409881092647311e+01
1.652603669442103751e+01
3.328854840513281488e+01
4.989761911831465113e+01
3.013569546789312881e+01
2.686881554662631899e+00
3.650462952810539718e+01
3.294769383826064768e+01
2.453000761287268006e+01
2.884025498622213490e+01
3.016409553195433091e+01
2.374434913148155601e+01
4.601488218033045996e+01
5.034244567773566814e+01
1.851457585728462618e+01
4.797714104076067088e+01
3.901047555728928273e+01
3.028161632707997342e+01
4.442555856326362118e+01
3.035177091603691224e+01
2.080289513959701253e+01
1.375581577974662650e+01
3.912665651070710737e+01
5.081418067563208751e+01
2.006907504260258435e+00
4.036907003185115173e+01
3.091088043427780008e+01
3.156095302462563268e+01
3.169123058499963008e+01
2.539105327224501707e+01
4.182393893172775279e+01
2.568951921756161028e+01
3.330786101195189985e+01
2.777580174382364930e+01
1.108997266522651737e+00
4.376681855840811863e+01
2.546266228571003865e+01
2.944290211015322711e+01
5.684119889546678905e+00
1.068635120492763235e+01
2.565795901995898021e+01
7.465114959097149949e+00
3.097795280495883219e+01
2.835379339543760580e+01
3.026357019014835714e+01
2.272469485414148949e+01
1.177381683709799631e+01
3.099302273900359594e+01
2.581269275735257906e+01
3.105020174102571673e+01
2.900843676156242879e+01
8.934789330778357908e+00
6.284343626562986174e+01
3.321422767589001523e+01
3.384108045323682745e+01
6.176790600721268731e+00
3.397167851985432208e+01
2.216552544464684615e+01
3.393635908695887338e+01
2.259341230726469973e+01
2.669081547156770284e+01
4.609047428619285824e+01
2.491215725124402525e+01
3.961040734678863373e+01
3.042913912173071367e+01
2.863228753755902289e+01
2.099691476923175060e+01
2.775514291511035481e+01
3.201739488197941341e+01
4.304794369271894539e+01
3.218807907476002583e+01
2.757620149219292216e+01
5.322425378661864670e+01
1.629081843505127836e+01
5.036865437471789164e+00
1.238890416432181230e+00
5.470043289588329571e+01
4.078868759649676434e+00
3.573449632699830403e+01
3.377786040607406903e+01
1.326784894162767436e+01
2.901991165015817842e+01
3.089792198438590276e+01
5.163613181615983194e+01
4.635506137422635220e+01
2.915397810953982116e+01
4.078962371403770248e+01
2.306812721124474308e+01
1.772960156308909063e+01
2.834723196582308447e+01
1.981497672982800040e+01
3.979810312281915685e+01
3.378050304362841416e+01
4.464706744741488365e+01
5.161283088827622123e+01
7.601998893802949908e+00
3.821561265715865829e+01
4.266009368837694637e+01
2.852837871999258823e+01
3.792954499537802349e+01
1.111206883688282687e+01
3.055929505154711023e+01
2.127134582690172238e+01
9.120304444046723802e+00
2.546909014084940281e+01
3.098000370454007779e+00
1.330703234127966983e+00
6.146677336683205795e+01
6.443886389094586775e+00
3.410497342327602155e+01
2.715985371397709969e+01
4.259922713286869111e+01
2.836069654444361277e+01
3.579903545001434395e+01
2.837117342979581736e+01
3.532379771665546286e+01
2.826692629069464147e+01
3.424656100084030186e+01
5.062220855285977450e+01
5.440806893751675943e+01
2.621899206106081692e+01
2.899749006389902206e+01
3.448832610680869948e+01
4.979904625247218064e+01
2.781703650847293829e+01
9.072535290260589136e+00
1.484702604418271221e+01
4.048918495078214619e+01
4.167006399008823792e+01
4.729117813344623755e+01
3.712050670397161412e+01
1.752343547561758896e+01
5.017553749092593307e+01
4.735709160770056769e+01
2.488614929762843531e+01
2.874404091411997797e+01
3.357540722140038270e+01
1.961089209415877122e+01
2.851518891642956532e+01
2.289356618801366494e+01
4.081594716566861791e+00
5.512570709275678382e+01
3.640043967062410957e+01
4.501386243916931562e+01
1.379067896803338078e+00
2.515315917089134246e+01
4.419493577661341988e+01
5.782823494504373230e+01
2.854356215091280546e+01
1.923029251169282361e+01
2.157766158879621798e+01
2.185939667334866243e+01
3.158285817636945580e+01
2.755130116266465734e+01
2.722845573718370815e+01
4.106597894674405325e+01
3.241675835079331591e+01
2.944150442166073844e+01
3.284476606300194135e+01
3.310518181923862358e+01
4.761864173284266144e+01
2.706143617605266627e+01
4.934290456075495968e+01
2.632443542809050996e+01
3.245877261686990778e+01
2.655700889956455057e+01
2.683646756216217000e+01
3.139822706439924360e+01
5.081747863274358679e+01
1.369227753350307353e+01
5.660323489125971719e+00
5.066454952785033328e+00
3.418358603902743198e+01
5.678469972539460286e+01
1.589781157487560215e+00
3.844473927564786209e+01
2.966879211021114315e+01
4.314391140144289238e+01
2.412876983888320837e+00
2.586949481110696070e+01
5.765751713177678539e+00
3.418885805797981448e+01
4.270185935461473292e+00
5.651929385133917094e+01
5.349563535490960930e+01
2.319883873095512072e+01
2.531174416730140209e+00
2.411711180440217106e+01
4.403254762781580212e+01
3.540933475110796280e+01
1.798011215051498857e+00
1.419179721883847378e+01
2.496665012953053520e+01
3.364356862958186412e+01
6.931885405648728238e+00
1.206741695231229983e+01
2.289813563978999866e+01
2.910229913142211444e+01
4.365386015108924767e+01
2.488817570140508906e+01
2.410261536788129888e+01
9.128010306420321740e+00
1.613955316786537963e+01
4.559460787384606029e+00
1.808667704098616014e+01
6.880681798984359610e+00
2.574043518630072214e+01
3.122515085897930476e+01
2.093027519514609480e+01
2.828893173804647887e+01
2.763417684186924816e+01
6.086238037709699711e+01
2.365517423359779059e+01
6.468231684949569171e+01
2.627695162352392799e+01
2.761985629997070646e+01
2.904020886431817416e+01
6.884325506157352947e+00
2.819001460258994030e+01
3.202155587714696594e+01
2.640461354559579377e+01
3.305990105970533932e+01
2.280208069465288645e+01
4.722897170597207150e+01
6.047948350152710262e+00
4.948828115591274468e+01
4.359732649257057346e+01
2.034513435491680866e+01
2.630463192916499793e+01
2.960646752184766228e+01
5.516664819436846301e+01
2.889815348341532086e+01
5.149606735536508495e+01
2.739042877683164079e+01
1.688544730134753991e+01
3.544559297976502421e+01
2.211695028632576054e+01
3.607223240090206673e+01
3.898266023942778702e+01
3.569152479280091939e+01
3.213307758682958593e+01
3.520097995910964528e+01
3.081918754132675531e+01
3.545139312418325517e+01
6.021546898790984415e+01
2.594181026084196162e+01
2.719159755173313897e+01
2.058702381080411214e+01
3.950747434305048955e+01
4.759302214101168715e+00
3.212450083521572708e+01
2.528455782049422851e+01
3.713691081216421708e+01
2.017354370186263424e+01
2.765914444876852940e+01
4.491005277602380374e+01
1.828042079046281287e+01
3.461105766931749539e+00
3.221723918903671802e+01
3.734843883584099444e+01
2.864308518468533293e+01
6.527793391494014941e+00
2.650781121199014478e+01
2.524790746487434490e+01
6.456955428205105818e+00
8.874017014769378875e+00
2.862468229117621377e+01
2.793471885121107334e+01
6.152601989290801043e+00
2.734071057565955254e+00
1.289094334523263541e+01
1.167002644946933287e+01
2.389104384172770779e+01
3.984954612633146098e+01
2.873379423662663612e+01
1.564378986456745224e+01
1.179315575694409368e+00
2.007978735513081858e+01
6.293285545403978176e+01
2.845725516572412062e+01
6.417189264771150192e+01
5.329145396611465912e+00
2.470619008292783292e+01
3.536329327834778269e+01
2.378773372042027745e+01
2.524678556649450911e+01
1.085867336122464621e+01
2.489364928889881412e+01
2.381391227515949183e+01
5.260937521741834644e+01
3.194357713292305334e+01
6.515223101404052386e+01
2.395256741227922248e+01
4.209275182865573584e+01
2.274268154473398340e+01
2.923786501181086805e+01
1.423620769762472094e+00
2.736610179357694506e+01
2.508357872973624225e+00
3.088764404345783987e+01
3.889560549083034857e+01
2.754033463445102825e+01
1.412095639001448744e+00
1.480676585139649148e+01
4.094259501733176876e+01
4.578303560477434075e+01
6.739677446196509436e+00
3.134549515766411787e+01
5.763381325427326374e+01
2.599821086141309934e+01
6.780905391108350777e+00
4.480842838437246911e+01
2.809855759986430712e+01
3.688516834178881254e+01
1.053449181025233727e+01
3.134274481174662697e+01
2.625798088817100506e+01
1.469406610627879584e+00
5.052059294859645888e+01
2.686843419420802093e+01
2.848255518238579498e+01
1.428044567473587545e+00
2.405655056672169678e+01
5.810899274726398289e+01
1.205049954507096732e+00
2.257620403756266469e+01
2.591403009304610805e+01
1.654275512134631754e+01
2.476461137434887405e+01
6.561311273099420305e+00
2.875553345304433606e+01
2.980913389901797927e+01
2.305549173502808458e+01
2.333041794226244292e+01
2.420380675416160443e+01
3.516239236558612902e+01
6.851767629775713431e+01
2.470954473831336173e+01
4.268673662827353610e+00
5.166958365449488610e+00
1.762211198310632909e+01
2.720151754068739081e+01
4.890443304227665067e+01
3.119180189742473885e+01
3.898068289948423626e+01
2.438098189722329323e+01
4.086499490936967049e+01
5.309624794402816406e+01
1.203935044898784890e+00
3.070675970348929695e+01
2.292905095018932116e+01
2.270483010582761096e+01
6.505625868518382049e+01
4.678702742927998770e+01
1.360893759513987433e+01
2.688846387937860527e+01
4.404691996726614889e+01
1.693431526404583565e+01
2.621353007507801181e+01
4.264543886092724279e+01
1.716342481445224166e+01
3.353038895850477275e+01
2.555930056674458228e+01
4.315000082826009020e+01
1.140839116252391250e+01
5.863814382162907179e+00
3.643243662933108595e+01
3.703532139499293407e+01
6.132466220398121948e+00
4.417694981096155971e+01
3.420949772552739887e+01
3.211637519517898909e+01
5.168744845958119072e+01
6.370799872653201135e+00
3.055199923814870999e+01
1.835968430848167543e+01
3.087004925468181682e+01
3.073228312478568114e+01
6.385381694938041619e+01
5.841311767018382284e+00
3.098801919010140793e+00
2.631963826133533502e+01
1.905300391714163766e+01
3.972054615303932223e+01
3.505062092655566630e+01
3.357699701019737404e+01
4.692516586447566596e+01
2.313591985336904600e+01
4.279104506312432932e+01
4.631294104008425450e+00
1.544881101383935196e+00
3.934377133997622877e+01
3.074989854440309500e+01
2.139517111259843318e+01
1.626896798667597466e+01
3.372678810076177314e+00
4.177521815763648760e+01
6.710477453534338110e+00
3.932153871363698272e+01
4.116070901906914514e+01
2.474483888348981964e+01
2.465667933742319562e+01
5.702948169648244914e+01
3.373295227810740471e+01
2.511968581389270128e+01
2.402880625973921269e+01
5.882904495321554350e+00
2.713033830175800176e+01
1.973328504741311917e+01
1.927999971314599215e+00
3.152707149970910905e+01
4.452408524549021251e+00
2.699878774861826969e+01
2.590521250059100566e+01
3.525011410471051931e+01
2.523682414564245846e+01
4.143491957859805552e+01
2.869723069038627727e+01
3.092116177768457419e+01
2.673804248376563919e+01
3.909602099533003638e+01
2.810952154340144205e+01
2.634352185534498858e+01
4.131242961375573941e+01
1.036037329958065101e+01
2.436471545135304950e+01
3.625970204983605072e+01
5.712894903254607470e+00
2.846660674281633874e+01
5.812389810370586929e+01
2.387326348669603249e+01
5.549953472107881680e+01
7.290562091160190050e+00
2.302346449636200632e+01
2.615460485726212170e+01
3.004394326590181663e+01
2.053380674132850636e+00
2.661510681146527091e+01
4.521797692864311102e+00
2.771641829660507028e+01
2.331843508022325295e+01
2.789293168938895917e+01
3.987762138381367549e+01
5.297410489486310325e+00
2.475635741514393828e+01
3.027950915149631328e+01
3.312160880857936718e+01
3.011208252959659148e+01
2.226977295069406892e+01
3.503332125540327979e+01
4.227240723186696414e+01
6.881682668839857797e+00
2.723784615256454344e+01
4.090954806847730651e+01
2.425255031281267293e+01
3.777497336124590710e+00
3.926219479019732717e+01
4.685468518331344967e+01
3.415086227958727250e+01
5.631346595872309990e+01
2.197956719635958578e+01
2.552684421007010229e+01
1.074030103159162763e+01
3.634356618765843905e+01
2.523781794835618086e+01
5.260167138384531427e+00
2.348096587367035681e+01
1.960294569956623434e+01
4.196663036923688139e+00
4.064804834764890984e+01
2.337629983167153114e+01
4.763700350980798248e+01
1.917587918227400223e+01
5.597944392182319007e+01
3.493321335517657644e+01
3.657056483729684260e+01
3.007067303460280527e+01
3.052686812722095056e+01
6.506369444412428038e+00
2.351567623102462790e+01
2.656428645722370163e+01
2.532798061501841858e+01
8.205288688466453095e+00
5.801913908378264750e+01
1.147821750736158641e+01
3.185486872377668988e+01
2.819913272362646239e+01
1.528417582634395977e+00
2.079772831738841532e+01
2.226303244492055455e+01
4.148030317624815666e+00
3.899327177107807074e+01
4.739479372913638144e+01
5.971429447943228297e+01
1.967979260539868847e+01
2.595070447373291245e+01
3.121864278605551135e+01
4.717029363490610194e+00
6.160193486526259221e+01
2.871207299465095275e+01
2.562518304223836196e+01
4.087430887558730319e+01
4.556784322488829275e+01
3.284303804730006959e+01
4.482703334797406569e+01
3.426345405547181144e+01
2.617994235506387213e+01
3.015077838820798206e+01
3.190893001412678132e+01
5.075476937671385258e+01
2.672805396589927796e+01
3.542553986290931789e+01
2.949223138208617456e+01
3.760972540997312308e+01
2.701974503762903623e+01
2.060729716303603709e+01
2.121527347996714497e+01
2.871127825979783665e+01
3.037943501633708365e+01
5.882662420831366035e+01
2.616084717086050659e+01
6.076872153360091033e+01
2.183109748790593585e+01
4.450211880833376199e+01
2.471526437035254276e+01
2.901813590922021291e+01
1.303886791496404385e+01
6.360472960479091853e+01
3.420413302614906570e+01
1.007589642034361077e+01
2.832496323057774745e+01
3.441017180791891406e+01
2.497909857698437008e+01
2.373938438331794032e+01
2.802896699259417801e+01
1.627555355734875775e+01
3.935149910044982491e+00
1.741766651910074515e+00
3.530162439431660459e+01
2.813987949873518346e+01
4.280839413766807411e+01
2.331862258080764150e+01
2.970348357437978848e+01
3.854504953942159773e+01
2.541329257463661406e+01
2.959576603986806731e+01
3.174755872046625882e+01
4.837837318797392072e+01
5.547821303183090080e+00
5.962224287618300878e+01
1.194681123627196939e+01
5.022304147565660060e+01
2.982041150610780278e+01
1.976414560203297199e+00
3.138393641097354703e+01
2.334422900881073559e+01
2.785037072754594334e+01
5.370118445117259398e+01
2.841391979477702989e+01
3.276627110770220952e+01
2.788294786249456081e+01
2.997784997607232071e+01
6.115395290584352495e+00
5.124092228172048635e+01
2.252988441664911079e+01
4.003625962544811046e+01
2.247440744665996704e+01
5.684342551452573389e+01
2.819282597321034700e+01
2.589901905959510486e+01
4.402713324924843619e+01
4.207407452544430271e+01
5.096910409690462984e+01
4.559179756016965257e+01
2.697771797636960400e+01
3.725380526641220058e+01
5.312340740652871318e+01
4.649769403367281484e+01
6.100543516362085938e+01
3.079090516924679832e+01
6.174433099745067466e+01
2.840139702913984365e+01
2.684680631042124332e+01
2.537991901236819103e+01
3.016557485417951057e+01
2.643431550922105089e+01
2.643753651930639847e+01
6.587599129058435210e+01
5.571847906782932114e+01
2.721298486901513058e+01
2.810751791345042960e+01
5.295096716149782878e+01
5.293806020266129053e+01
4.991815579191621310e+01
2.795622098543676870e+01
2.611725227509305114e+01
3.556127093731212341e+01
5.701062300705234520e+01
2.522971154539694449e+00
2.972333954890922314e+01
9.038285342933058075e+00
4.463913204747063901e+01
3.214120873777210363e+01
2.711464438970506308e+01
2.326652671792271576e+01
1.380605251644466236e+00
2.540018810834142471e+01
7.291812306119851428e+00
3.660895757515824300e+00
2.620504545413496089e+01
1.354931236768849079e+00
2.268239081090723630e+01
4.139483875578252992e+01
3.366332722930582833e+00
4.069829322988880449e+01
2.717002123005335079e+01
6.239199645302832664e+00
3.068009713829178509e+01
2.995318004921409738e+01
3.475684366312429052e+00
3.460749945486008983e+01
2.989406880579554127e+01
5.321926710352545342e+01
2.618266015572407923e+01
2.405961115280251761e+01
2.864243168738812528e+01
3.693283499226379263e+01
5.168106705772561327e+01
5.785452979154844577e+00
2.737235208380752738e+01
4.034128102997783571e+01
3.711424478644767078e+01
2.798325626853511494e+01
3.550743401679574163e+01
1.347978474066572119e+00
4.277085422119307623e+01
4.706325772901982418e+01
4.942043500231140030e+00
3.465439655279260478e+01
1.523524726305214472e+01
3.273980764296379675e+01
2.808127330873062988e+01
3.661153203455251059e+01
3.674072822115158488e+01
3.601333598902056110e+01
2.440028595274297984e+01
3.443890248192474246e+01
4.050387496976128432e+01
3.749030480062356219e+01
2.097964939437224530e+01
2.340906154169903175e+01
2.924036481770576756e+01
2.651684924305936875e+01
2.736381585755634660e+01
2.719344056484806060e+01
1.208694218842018886e+00
3.199574317635655518e+01
2.089125996776905225e+01
2.878673692072788981e+01
6.278275715171184856e+01
5.738519809103166835e+00
1.219513268741138745e+01
1.174080030305444167e+00
2.685814791275626590e+01
4.483672636320261518e+01
2.322892638571420321e+01
4.048350457654305501e+01
2.793763875510558137e+01
1.277050223436344822e+01
3.125378631353633807e+00
3.675651146475431119e+00
5.903673418771359138e+01
2.841616210312895419e+01
2.587077663491618296e+01
5.642265740169750643e+01
3.225720776990692684e+01
8.040819951956564182e+00
3.322795138733272324e+01
3.091009094972105231e+01
8.542151403614070659e+00
1.221540626017440445e+01
1.764995249427050661e+00
5.385110572897883685e+01
3.203892708384299226e+01
1.366022841308308422e+00
2.246650114563691147e+01
2.625936188189007225e+01
3.035671205286588403e+00
3.864668798136972327e+01
3.777517921069556905e+01
2.821697529371522251e+01
2.522324585884692283e+01
1.816801317209214872e+01
1.382694717012600449e+01
2.459776427546005095e+01
5.397930228823783239e+01
7.482517682733856645e+00
4.229015637366443592e+00
1.879625046006346611e+00
1.496803624167910129e+01
2.605910211585205616e+01
2.056124313061445719e+01
2.933335917071599397e+01
2.003113720540932263e+01
3.589254520259964920e+01
2.226513099955064945e+01
2.306030620551518950e+01
2.910156330147992776e+01
3.245013937463954790e+01
3.272561121405851736e+01
4.334017830706647700e+00
2.546291618956820457e+01
2.315536386968369698e+01
3.313153268251153349e+01
2.522569218145508785e+01
3.058109668233646516e+01
9.907487276909705542e+00
3.311000490180595079e+01
2.403804861630092660e+01
2.995545475552478365e+01
3.951438453627633862e+01
2.376003420480977724e+01
2.724398645576093259e+01
3.178921300711226650e+01
2.624495348972213549e+01
3.330929843294843806e+01
3.758216576169252221e+01
6.519859863430639280e+00
6.032142714309156872e+01
1.724819673843986934e+00
2.377929053412464100e+01
4.526132407411932945e+01
3.165167016020859592e+01
1.590148935700474198e+01
3.394620119396131486e+01
1.622959322494232026e+00
2.550944433413678780e+01
2.457651652539789211e+01
5.305673416989798774e+00
3.511453310866090760e+01
7.685874021481367890e+00
2.388774982028002114e+01
4.772012968932176591e+01
2.443248496605375664e+01
2.898463609333674640e+01
4.992111632338492200e+01
